ID	Name	Bgd count	Result count	Result gene list	Pct of bgd	Fold enrichment	Odds ratio	P-value	Benjamini	Bonferroni
GO:0051259	protein oligomerization	3	1	PBANKA_0821000,	33.3	93.47	155.11	0.0106646812793	0.340722245919	0.511904701409
GO:0097428	protein maturation by iron-sulfur cluster transfer	4	1	PBANKA_0821000,	25.0	70.1	103.37	0.0141967602466	0.340722245919	0.681444491837
GO:0051604	protein maturation	12	1	PBANKA_0821000,	8.3	23.37	28.11	0.042047395503	0.565559023231	1.0
